[Common]
SampleFrequency=22050
Oscillators=2
[Oscillator 0]
Enabled=1
Filter=0
WaveForm=0
WavFile=
Comment=
LoopWav=0
StartF=1348.905109
EndF=144.525547
StartA=0.950000
EndA=0.183066
StartT=0.000000
EndT=541.614517
AMModFac=0.000000
AMModBy=-1
FMModFac=0.000000
FMModBy=-1
CurveShape0=0.317230
CurveShape1=10.829000
CurveShape2=1.000000
NoiseBW=1.000000
NoiseChangeRate=5
[Oscillator 1]
Enabled=1
Filter=0
WaveForm=0
WavFile=
Comment=
LoopWav=0
StartF=2000.000000
EndF=0.000000
StartA=0.950000
EndA=0.000000
StartT=0.000000
EndT=569.149110
AMModFac=0.000000
AMModBy=-1
FMModFac=0.000000
FMModBy=-1
CurveShape0=0.100000
CurveShape1=0.795030
CurveShape2=1.000000
NoiseBW=0.000000
NoiseChangeRate=0
